# Nissan GTR Model properties
# image dims are 269 x 125px and the length of the car is 4690 mm
# so 1 meter = 57.3561 px

# User scaling factors
# =============================
# Pure slip
userNominalLoad=1
userPeakFrictionCoef=1
userWithSlipSpeedDecayingFriction=0
userBrakeSlipStiffness=1
userCorneringStiffness=1
userShapeFactor=1
userCurvatureFactor=1
userHorizontalShift=1
userVerticalShift=1
userCamberForceStiffness=1
userCamberTorqueStiffness=1
userPneumaticTrail=1 
userResidualTorque=1

# Combined slip
userAlphaInfluenceOnFx=1
userKappaInfluenceOnFy=1
userKappaInducedPlySteerFy=1
userMzMomentArmOfFx=1

# Other
userRadialTireStiffness=1
userOverturningCoupleStiffness=1
userOverturningCoupleVerticalShift=1
userRollingResistanceMoment=1
# ================================

# model
V0=16.7

# dimension
r0=0.3135
w=0.205
rRim=0.105

# operating conditions
pi0 = 220000

# vertical
Fz0=4000

# longitudinal_coefficients

pCx1=1.579
pDx1=1.0422
pDx2=-0.08285
pDx3=0
pEx1=0.11113
pEx2=0.3143
pEx3=0
pEx4=0.001719
pKx1=21.687
pKx2=13.728
pKx3=-0.4098
pHx1=0.00021615
pHx2=0.0011598
pVx1=0.00002
pVx2=0.00010568
ppx1=-0.3485
ppx2=0.37824
ppx3=-0.09603
ppx4=0.06518
rBx1=13.046
rBx2=9.718
rBx3=0
rCx1=0.0995
rHx1=-0.00009968
rEx1=-0.4403
rEx2=-0.4663

# lateral_coefficients

pCy1=1.338
pDy1=0.8785
pDy2=-0.06452
pDy3=0
pEy1=-0.8057
pEy2=-0.6046
pEy3=0.09854
pEy4=-6.697
pKy1=-15.324
pKy2=1.715
pKy3=0.3695
pKy4=2.0005
pKy5=0
pKy6=-0.8987
pKy7=-0.23303
pHy1=-0.01806
pHy2=0.00352
pVy1=-0.00661
pVy2=0.03592
pVy3=-0.162
pVy4=-0.4864
rBy1=10.622
rBy2=7.82
rBy3=0.002037
rBy4=0
rCy1=1.0587
rEy1=0.3148
rEy2=0.004867
rHy1=0.009472
rHy2=0.009754
rVy1=0.05187
rVy2=0.0004853
rVy3=0
rVy4=94.63
rVy5=1.8914
rVy6=23.8

# aligning_coefficients

qBz1=12.035
qBz2=-1.33
qBz3=0
qBz4=0.176
qBz5=-0.14853
qBz9=34.5
qBz10=0
qCz1=1.2923
qDz1=0.09068
qDz2=-0.00565
qDz3=0.3778
qDz4=0
qDz6=0.0017015
qDz7=-0.002091
qDz8=-0.1428
qDz9=0.00915
qDz10=0
qDz11=0
qEz1=-1.7924
qEz2=0.8975
qEz3=0
qEz4=0.2895
qEz5=-0.6786
qHz1=0.001433
qHz2=0.0024087
qHz3=0.24973
qHz4=-0.21205
sSz1=0.00918
sSz2=0.03869
sSz3=0
sSz4=0

# turnslip_coefficients

pDxPhi1=0.4
pDxPhi23=0
pKyPhi1=1
pDyPhi1=0.4
pDyPhi2=0
pDyPhi34=0
pHyPhi1=1
pHyPhi2=0.15
pHyPhi3=0
pHyPhi4=-4
pEpsGammaPhi1=0.5
pEpsGammaPhi2=0
qDtPhi1=10
qCrPhi1=0.2
qCrPhi2=0.1
qBrPhi1=0.1
qDrPhi1=1

